{
 "cells": [
  {
   "cell_type": "markdown",
   "metadata": {},
   "source": [
    "## III - Неопределенность оптимального портфеля. Оптимизация CVaR. \n",
    "\n",
    "Целью работы является оценка неопределенности оптимального портфеля для нормального многомерного распределения и двух способов вычисления оптимального портфеля (оптимизация в модели Марковица и оптимизация CVaR)"
   ]
  },
  {
   "cell_type": "markdown",
   "metadata": {},
   "source": [
    "### Подготовка модели"
   ]
  },
  {
   "cell_type": "markdown",
   "metadata": {},
   "source": [
    "#### Загружаем тикеры с фоднового рынка NASDAQ"
   ]
  },
  {
   "cell_type": "code",
   "execution_count": 107,
   "metadata": {},
   "outputs": [
    {
     "data": {
      "text/html": [
       "<div>\n",
       "<style scoped>\n",
       "    .dataframe tbody tr th:only-of-type {\n",
       "        vertical-align: middle;\n",
       "    }\n",
       "\n",
       "    .dataframe tbody tr th {\n",
       "        vertical-align: top;\n",
       "    }\n",
       "\n",
       "    .dataframe thead th {\n",
       "        text-align: right;\n",
       "    }\n",
       "</style>\n",
       "<table border=\"1\" class=\"dataframe\">\n",
       "  <thead>\n",
       "    <tr style=\"text-align: right;\">\n",
       "      <th></th>\n",
       "      <th>ticker</th>\n",
       "      <th>company</th>\n",
       "    </tr>\n",
       "  </thead>\n",
       "  <tbody>\n",
       "    <tr>\n",
       "      <th>0</th>\n",
       "      <td>AAIT</td>\n",
       "      <td>iShares MSCI All Country Asia Information Tech...</td>\n",
       "    </tr>\n",
       "    <tr>\n",
       "      <th>1</th>\n",
       "      <td>AAL</td>\n",
       "      <td>American Airlines Group, Inc.</td>\n",
       "    </tr>\n",
       "    <tr>\n",
       "      <th>2</th>\n",
       "      <td>AAME</td>\n",
       "      <td>Atlantic American Corporation</td>\n",
       "    </tr>\n",
       "    <tr>\n",
       "      <th>3</th>\n",
       "      <td>AAOI</td>\n",
       "      <td>Applied Optoelectronics, Inc.</td>\n",
       "    </tr>\n",
       "    <tr>\n",
       "      <th>4</th>\n",
       "      <td>AAON</td>\n",
       "      <td>AAON, Inc.</td>\n",
       "    </tr>\n",
       "    <tr>\n",
       "      <th>...</th>\n",
       "      <td>...</td>\n",
       "      <td>...</td>\n",
       "    </tr>\n",
       "    <tr>\n",
       "      <th>2962</th>\n",
       "      <td>ZN</td>\n",
       "      <td>Zion Oil &amp; Gas Inc</td>\n",
       "    </tr>\n",
       "    <tr>\n",
       "      <th>2963</th>\n",
       "      <td>ZNGA</td>\n",
       "      <td>Zynga Inc.</td>\n",
       "    </tr>\n",
       "    <tr>\n",
       "      <th>2964</th>\n",
       "      <td>ZSPH</td>\n",
       "      <td>ZS Pharma, Inc.</td>\n",
       "    </tr>\n",
       "    <tr>\n",
       "      <th>2965</th>\n",
       "      <td>ZU</td>\n",
       "      <td>zulily, inc.</td>\n",
       "    </tr>\n",
       "    <tr>\n",
       "      <th>2966</th>\n",
       "      <td>ZUMZ</td>\n",
       "      <td>Zumiez Inc.</td>\n",
       "    </tr>\n",
       "  </tbody>\n",
       "</table>\n",
       "<p>2967 rows × 2 columns</p>\n",
       "</div>"
      ],
      "text/plain": [
       "     ticker                                            company\n",
       "0      AAIT  iShares MSCI All Country Asia Information Tech...\n",
       "1       AAL                      American Airlines Group, Inc.\n",
       "2      AAME                      Atlantic American Corporation\n",
       "3      AAOI                      Applied Optoelectronics, Inc.\n",
       "4      AAON                                         AAON, Inc.\n",
       "...     ...                                                ...\n",
       "2962     ZN                                 Zion Oil & Gas Inc\n",
       "2963   ZNGA                                         Zynga Inc.\n",
       "2964   ZSPH                                    ZS Pharma, Inc.\n",
       "2965     ZU                                       zulily, inc.\n",
       "2966   ZUMZ                                        Zumiez Inc.\n",
       "\n",
       "[2967 rows x 2 columns]"
      ]
     },
     "execution_count": 107,
     "metadata": {},
     "output_type": "execute_result"
    }
   ],
   "source": [
    "import pandas as pd\n",
    "\n",
    "DATA_PATH    = './downloader-data'\n",
    "TICKERS_PATH = './tickers'\n",
    "\n",
    "def read_tickers(stock_markets) -> pd.DataFrame:\n",
    "    '''Returns pandas dataframe containing all tickers for the @stock_markets '''\n",
    "    ticker_files = [f'{TICKERS_PATH}/{sm}.csv' for sm in stock_markets]\n",
    "    tickers = pd.concat([pd.read_csv(tf) for tf in ticker_files], ignore_index=True)\n",
    "    return tickers\n",
    "\n",
    "\n",
    "stock_markets = ['NASDAQ']\n",
    "tickers = read_tickers(stock_markets)\n",
    "tickers"
   ]
  },
  {
   "cell_type": "markdown",
   "metadata": {},
   "source": [
    "#### Загружаем исторические данные за 2021 год для полученных тикеров"
   ]
  },
  {
   "cell_type": "code",
   "execution_count": 108,
   "metadata": {},
   "outputs": [],
   "source": [
    "def read_historical_data(tickers):\n",
    "    '''Returns dict {ticker : historical data for the ticker}'''\n",
    "    data_for_ticker = {}\n",
    "    for index, (ticker, name) in tickers.iterrows():\n",
    "        try:\n",
    "            data = pd.read_csv(f'{DATA_PATH}/{ticker}.csv')\n",
    "            if len(data) > 100:\n",
    "                data_for_ticker[ticker] = data\n",
    "        except:\n",
    "            pass\n",
    "    return data_for_ticker\n",
    "\n",
    "\n",
    "data_for_ticker = read_historical_data(tickers)"
   ]
  },
  {
   "cell_type": "markdown",
   "metadata": {},
   "source": [
    "#### Пример данных для AAPL:"
   ]
  },
  {
   "cell_type": "code",
   "execution_count": 109,
   "metadata": {},
   "outputs": [
    {
     "data": {
      "text/html": [
       "<div>\n",
       "<style scoped>\n",
       "    .dataframe tbody tr th:only-of-type {\n",
       "        vertical-align: middle;\n",
       "    }\n",
       "\n",
       "    .dataframe tbody tr th {\n",
       "        vertical-align: top;\n",
       "    }\n",
       "\n",
       "    .dataframe thead th {\n",
       "        text-align: right;\n",
       "    }\n",
       "</style>\n",
       "<table border=\"1\" class=\"dataframe\">\n",
       "  <thead>\n",
       "    <tr style=\"text-align: right;\">\n",
       "      <th></th>\n",
       "      <th>Date</th>\n",
       "      <th>Open</th>\n",
       "      <th>High</th>\n",
       "      <th>Low</th>\n",
       "      <th>Close</th>\n",
       "      <th>Volume</th>\n",
       "      <th>Dividends</th>\n",
       "      <th>Stock Splits</th>\n",
       "    </tr>\n",
       "  </thead>\n",
       "  <tbody>\n",
       "    <tr>\n",
       "      <th>0</th>\n",
       "      <td>2020-11-30</td>\n",
       "      <td>116.597423</td>\n",
       "      <td>120.584682</td>\n",
       "      <td>116.437929</td>\n",
       "      <td>118.670799</td>\n",
       "      <td>169410200</td>\n",
       "      <td>0.0</td>\n",
       "      <td>0</td>\n",
       "    </tr>\n",
       "    <tr>\n",
       "      <th>1</th>\n",
       "      <td>2020-12-01</td>\n",
       "      <td>120.624557</td>\n",
       "      <td>123.076720</td>\n",
       "      <td>119.627742</td>\n",
       "      <td>122.329109</td>\n",
       "      <td>127728200</td>\n",
       "      <td>0.0</td>\n",
       "      <td>0</td>\n",
       "    </tr>\n",
       "    <tr>\n",
       "      <th>2</th>\n",
       "      <td>2020-12-02</td>\n",
       "      <td>121.631329</td>\n",
       "      <td>122.977035</td>\n",
       "      <td>120.504931</td>\n",
       "      <td>122.687958</td>\n",
       "      <td>89004200</td>\n",
       "      <td>0.0</td>\n",
       "      <td>0</td>\n",
       "    </tr>\n",
       "    <tr>\n",
       "      <th>3</th>\n",
       "      <td>2020-12-03</td>\n",
       "      <td>123.126555</td>\n",
       "      <td>123.385729</td>\n",
       "      <td>121.820730</td>\n",
       "      <td>122.548409</td>\n",
       "      <td>78967600</td>\n",
       "      <td>0.0</td>\n",
       "      <td>0</td>\n",
       "    </tr>\n",
       "    <tr>\n",
       "      <th>4</th>\n",
       "      <td>2020-12-04</td>\n",
       "      <td>122.209495</td>\n",
       "      <td>122.468669</td>\n",
       "      <td>121.132933</td>\n",
       "      <td>121.860611</td>\n",
       "      <td>78260400</td>\n",
       "      <td>0.0</td>\n",
       "      <td>0</td>\n",
       "    </tr>\n",
       "    <tr>\n",
       "      <th>...</th>\n",
       "      <td>...</td>\n",
       "      <td>...</td>\n",
       "      <td>...</td>\n",
       "      <td>...</td>\n",
       "      <td>...</td>\n",
       "      <td>...</td>\n",
       "      <td>...</td>\n",
       "      <td>...</td>\n",
       "    </tr>\n",
       "    <tr>\n",
       "      <th>248</th>\n",
       "      <td>2021-11-23</td>\n",
       "      <td>161.119995</td>\n",
       "      <td>161.800003</td>\n",
       "      <td>159.059998</td>\n",
       "      <td>161.410004</td>\n",
       "      <td>96041900</td>\n",
       "      <td>0.0</td>\n",
       "      <td>0</td>\n",
       "    </tr>\n",
       "    <tr>\n",
       "      <th>249</th>\n",
       "      <td>2021-11-24</td>\n",
       "      <td>160.750000</td>\n",
       "      <td>162.139999</td>\n",
       "      <td>159.639999</td>\n",
       "      <td>161.940002</td>\n",
       "      <td>69463600</td>\n",
       "      <td>0.0</td>\n",
       "      <td>0</td>\n",
       "    </tr>\n",
       "    <tr>\n",
       "      <th>250</th>\n",
       "      <td>2021-11-26</td>\n",
       "      <td>159.570007</td>\n",
       "      <td>160.449997</td>\n",
       "      <td>156.360001</td>\n",
       "      <td>156.809998</td>\n",
       "      <td>76959800</td>\n",
       "      <td>0.0</td>\n",
       "      <td>0</td>\n",
       "    </tr>\n",
       "    <tr>\n",
       "      <th>251</th>\n",
       "      <td>2021-11-29</td>\n",
       "      <td>159.369995</td>\n",
       "      <td>161.190002</td>\n",
       "      <td>158.789993</td>\n",
       "      <td>160.240005</td>\n",
       "      <td>88748200</td>\n",
       "      <td>0.0</td>\n",
       "      <td>0</td>\n",
       "    </tr>\n",
       "    <tr>\n",
       "      <th>252</th>\n",
       "      <td>2021-11-30</td>\n",
       "      <td>159.990005</td>\n",
       "      <td>165.520004</td>\n",
       "      <td>159.919998</td>\n",
       "      <td>165.300003</td>\n",
       "      <td>174048100</td>\n",
       "      <td>0.0</td>\n",
       "      <td>0</td>\n",
       "    </tr>\n",
       "  </tbody>\n",
       "</table>\n",
       "<p>253 rows × 8 columns</p>\n",
       "</div>"
      ],
      "text/plain": [
       "           Date        Open        High         Low       Close     Volume  \\\n",
       "0    2020-11-30  116.597423  120.584682  116.437929  118.670799  169410200   \n",
       "1    2020-12-01  120.624557  123.076720  119.627742  122.329109  127728200   \n",
       "2    2020-12-02  121.631329  122.977035  120.504931  122.687958   89004200   \n",
       "3    2020-12-03  123.126555  123.385729  121.820730  122.548409   78967600   \n",
       "4    2020-12-04  122.209495  122.468669  121.132933  121.860611   78260400   \n",
       "..          ...         ...         ...         ...         ...        ...   \n",
       "248  2021-11-23  161.119995  161.800003  159.059998  161.410004   96041900   \n",
       "249  2021-11-24  160.750000  162.139999  159.639999  161.940002   69463600   \n",
       "250  2021-11-26  159.570007  160.449997  156.360001  156.809998   76959800   \n",
       "251  2021-11-29  159.369995  161.190002  158.789993  160.240005   88748200   \n",
       "252  2021-11-30  159.990005  165.520004  159.919998  165.300003  174048100   \n",
       "\n",
       "     Dividends  Stock Splits  \n",
       "0          0.0             0  \n",
       "1          0.0             0  \n",
       "2          0.0             0  \n",
       "3          0.0             0  \n",
       "4          0.0             0  \n",
       "..         ...           ...  \n",
       "248        0.0             0  \n",
       "249        0.0             0  \n",
       "250        0.0             0  \n",
       "251        0.0             0  \n",
       "252        0.0             0  \n",
       "\n",
       "[253 rows x 8 columns]"
      ]
     },
     "execution_count": 109,
     "metadata": {},
     "output_type": "execute_result"
    }
   ],
   "source": [
    "data_for_ticker['AAPL']"
   ]
  },
  {
   "cell_type": "markdown",
   "metadata": {},
   "source": [
    "#### Выбираем 20 активов"
   ]
  },
  {
   "cell_type": "code",
   "execution_count": 110,
   "metadata": {},
   "outputs": [],
   "source": [
    "assets = ['MDLZ', 'MSFT', 'NXPI', 'PCAR', 'INTC',\n",
    "          'NVDA', 'ILMN', 'DXCM', 'ROST', 'LULU']\n",
    "\n",
    "assets_data = {}\n",
    "for asset in assets:\n",
    "    assets_data[asset] = data_for_ticker[asset]"
   ]
  },
  {
   "cell_type": "markdown",
   "metadata": {},
   "source": [
    "#### Оцениваем математические ожидания доходностей"
   ]
  },
  {
   "cell_type": "code",
   "execution_count": 111,
   "metadata": {},
   "outputs": [
    {
     "data": {
      "text/html": [
       "<div>\n",
       "<style scoped>\n",
       "    .dataframe tbody tr th:only-of-type {\n",
       "        vertical-align: middle;\n",
       "    }\n",
       "\n",
       "    .dataframe tbody tr th {\n",
       "        vertical-align: top;\n",
       "    }\n",
       "\n",
       "    .dataframe thead th {\n",
       "        text-align: right;\n",
       "    }\n",
       "</style>\n",
       "<table border=\"1\" class=\"dataframe\">\n",
       "  <thead>\n",
       "    <tr style=\"text-align: right;\">\n",
       "      <th></th>\n",
       "      <th>logret_mean</th>\n",
       "      <th>logret_std</th>\n",
       "    </tr>\n",
       "    <tr>\n",
       "      <th>ticker</th>\n",
       "      <th></th>\n",
       "      <th></th>\n",
       "    </tr>\n",
       "  </thead>\n",
       "  <tbody>\n",
       "    <tr>\n",
       "      <th>MDLZ</th>\n",
       "      <td>0.000164</td>\n",
       "      <td>0.009635</td>\n",
       "    </tr>\n",
       "    <tr>\n",
       "      <th>MSFT</th>\n",
       "      <td>0.001743</td>\n",
       "      <td>0.012638</td>\n",
       "    </tr>\n",
       "    <tr>\n",
       "      <th>NXPI</th>\n",
       "      <td>0.001406</td>\n",
       "      <td>0.023336</td>\n",
       "    </tr>\n",
       "    <tr>\n",
       "      <th>PCAR</th>\n",
       "      <td>-0.000078</td>\n",
       "      <td>0.015266</td>\n",
       "    </tr>\n",
       "    <tr>\n",
       "      <th>INTC</th>\n",
       "      <td>0.000118</td>\n",
       "      <td>0.020613</td>\n",
       "    </tr>\n",
       "    <tr>\n",
       "      <th>NVDA</th>\n",
       "      <td>0.003541</td>\n",
       "      <td>0.025897</td>\n",
       "    </tr>\n",
       "    <tr>\n",
       "      <th>ILMN</th>\n",
       "      <td>0.000500</td>\n",
       "      <td>0.020907</td>\n",
       "    </tr>\n",
       "    <tr>\n",
       "      <th>DXCM</th>\n",
       "      <td>0.002243</td>\n",
       "      <td>0.022329</td>\n",
       "    </tr>\n",
       "    <tr>\n",
       "      <th>ROST</th>\n",
       "      <td>0.000076</td>\n",
       "      <td>0.018766</td>\n",
       "    </tr>\n",
       "    <tr>\n",
       "      <th>LULU</th>\n",
       "      <td>0.000813</td>\n",
       "      <td>0.019451</td>\n",
       "    </tr>\n",
       "  </tbody>\n",
       "</table>\n",
       "</div>"
      ],
      "text/plain": [
       "        logret_mean  logret_std\n",
       "ticker                         \n",
       "MDLZ       0.000164    0.009635\n",
       "MSFT       0.001743    0.012638\n",
       "NXPI       0.001406    0.023336\n",
       "PCAR      -0.000078    0.015266\n",
       "INTC       0.000118    0.020613\n",
       "NVDA       0.003541    0.025897\n",
       "ILMN       0.000500    0.020907\n",
       "DXCM       0.002243    0.022329\n",
       "ROST       0.000076    0.018766\n",
       "LULU       0.000813    0.019451"
      ]
     },
     "execution_count": 111,
     "metadata": {},
     "output_type": "execute_result"
    }
   ],
   "source": [
    "import pandas as pd\n",
    "import numpy as np\n",
    "\n",
    "def add_logret(ticker_data: pd.DataFrame, by_column='Close') -> pd.DataFrame:\n",
    "    '''Returns @ticker_data with calculated \"logret\" and \"-logret\" columns'''\n",
    "    ticker_data = ticker_data.assign(logret=np.log(ticker_data[by_column]).diff())\n",
    "    ticker_data['-logret'] = ticker_data['logret'].mul(-1)\n",
    "    return ticker_data\n",
    "\n",
    "\n",
    "def get_logret_mean_std(tickers, data_map, by_column='Close') -> pd.DataFrame:\n",
    "    '''Returns @result pd.DataFrame such that @result.loc[ticker] == [logret_mean, logret_std]'''\n",
    "    result = pd.DataFrame(data=[], columns=['ticker', 'logret_mean', 'logret_std'])\n",
    "    result.set_index('ticker', inplace=True)\n",
    "\n",
    "    for ticker in tickers:\n",
    "        ticker_data = data_map[ticker]\n",
    "        ticker_logret = np.log(ticker_data[by_column]).diff()\n",
    "        result.loc[ticker] = [ticker_logret.mean(), ticker_logret.std()]\n",
    "    \n",
    "    return result\n",
    "  \n",
    "\n",
    "for ticker in assets_data.keys():\n",
    "    assets_data[ticker] = add_logret(assets_data[ticker])\n",
    "\n",
    "estims = get_logret_mean_std(assets, assets_data)\n",
    "estims"
   ]
  },
  {
   "cell_type": "markdown",
   "metadata": {},
   "source": [
    "#### Находим матрицу выборочных ковариаций доходностей "
   ]
  },
  {
   "cell_type": "code",
   "execution_count": 112,
   "metadata": {},
   "outputs": [
    {
     "data": {
      "text/html": [
       "<div>\n",
       "<style scoped>\n",
       "    .dataframe tbody tr th:only-of-type {\n",
       "        vertical-align: middle;\n",
       "    }\n",
       "\n",
       "    .dataframe tbody tr th {\n",
       "        vertical-align: top;\n",
       "    }\n",
       "\n",
       "    .dataframe thead th {\n",
       "        text-align: right;\n",
       "    }\n",
       "</style>\n",
       "<table border=\"1\" class=\"dataframe\">\n",
       "  <thead>\n",
       "    <tr style=\"text-align: right;\">\n",
       "      <th></th>\n",
       "      <th>MDLZ</th>\n",
       "      <th>MSFT</th>\n",
       "      <th>NXPI</th>\n",
       "      <th>PCAR</th>\n",
       "      <th>INTC</th>\n",
       "      <th>NVDA</th>\n",
       "      <th>ILMN</th>\n",
       "      <th>DXCM</th>\n",
       "      <th>ROST</th>\n",
       "      <th>LULU</th>\n",
       "    </tr>\n",
       "  </thead>\n",
       "  <tbody>\n",
       "    <tr>\n",
       "      <th>MDLZ</th>\n",
       "      <td>0.000093</td>\n",
       "      <td>0.000032</td>\n",
       "      <td>0.000031</td>\n",
       "      <td>0.000024</td>\n",
       "      <td>0.000026</td>\n",
       "      <td>0.000018</td>\n",
       "      <td>0.000022</td>\n",
       "      <td>0.000026</td>\n",
       "      <td>0.000058</td>\n",
       "      <td>0.000038</td>\n",
       "    </tr>\n",
       "    <tr>\n",
       "      <th>MSFT</th>\n",
       "      <td>0.000032</td>\n",
       "      <td>0.000160</td>\n",
       "      <td>0.000129</td>\n",
       "      <td>0.000025</td>\n",
       "      <td>0.000089</td>\n",
       "      <td>0.000184</td>\n",
       "      <td>0.000097</td>\n",
       "      <td>0.000112</td>\n",
       "      <td>0.000056</td>\n",
       "      <td>0.000091</td>\n",
       "    </tr>\n",
       "    <tr>\n",
       "      <th>NXPI</th>\n",
       "      <td>0.000031</td>\n",
       "      <td>0.000129</td>\n",
       "      <td>0.000545</td>\n",
       "      <td>0.000112</td>\n",
       "      <td>0.000250</td>\n",
       "      <td>0.000343</td>\n",
       "      <td>0.000170</td>\n",
       "      <td>0.000184</td>\n",
       "      <td>0.000152</td>\n",
       "      <td>0.000192</td>\n",
       "    </tr>\n",
       "    <tr>\n",
       "      <th>PCAR</th>\n",
       "      <td>0.000024</td>\n",
       "      <td>0.000025</td>\n",
       "      <td>0.000112</td>\n",
       "      <td>0.000233</td>\n",
       "      <td>0.000090</td>\n",
       "      <td>0.000058</td>\n",
       "      <td>0.000025</td>\n",
       "      <td>0.000008</td>\n",
       "      <td>0.000089</td>\n",
       "      <td>0.000033</td>\n",
       "    </tr>\n",
       "    <tr>\n",
       "      <th>INTC</th>\n",
       "      <td>0.000026</td>\n",
       "      <td>0.000089</td>\n",
       "      <td>0.000250</td>\n",
       "      <td>0.000090</td>\n",
       "      <td>0.000425</td>\n",
       "      <td>0.000188</td>\n",
       "      <td>0.000103</td>\n",
       "      <td>0.000102</td>\n",
       "      <td>0.000111</td>\n",
       "      <td>0.000103</td>\n",
       "    </tr>\n",
       "    <tr>\n",
       "      <th>NVDA</th>\n",
       "      <td>0.000018</td>\n",
       "      <td>0.000184</td>\n",
       "      <td>0.000343</td>\n",
       "      <td>0.000058</td>\n",
       "      <td>0.000188</td>\n",
       "      <td>0.000671</td>\n",
       "      <td>0.000160</td>\n",
       "      <td>0.000203</td>\n",
       "      <td>0.000075</td>\n",
       "      <td>0.000210</td>\n",
       "    </tr>\n",
       "    <tr>\n",
       "      <th>ILMN</th>\n",
       "      <td>0.000022</td>\n",
       "      <td>0.000097</td>\n",
       "      <td>0.000170</td>\n",
       "      <td>0.000025</td>\n",
       "      <td>0.000103</td>\n",
       "      <td>0.000160</td>\n",
       "      <td>0.000437</td>\n",
       "      <td>0.000202</td>\n",
       "      <td>0.000012</td>\n",
       "      <td>0.000133</td>\n",
       "    </tr>\n",
       "    <tr>\n",
       "      <th>DXCM</th>\n",
       "      <td>0.000026</td>\n",
       "      <td>0.000112</td>\n",
       "      <td>0.000184</td>\n",
       "      <td>0.000008</td>\n",
       "      <td>0.000102</td>\n",
       "      <td>0.000203</td>\n",
       "      <td>0.000202</td>\n",
       "      <td>0.000499</td>\n",
       "      <td>0.000068</td>\n",
       "      <td>0.000161</td>\n",
       "    </tr>\n",
       "    <tr>\n",
       "      <th>ROST</th>\n",
       "      <td>0.000058</td>\n",
       "      <td>0.000056</td>\n",
       "      <td>0.000152</td>\n",
       "      <td>0.000089</td>\n",
       "      <td>0.000111</td>\n",
       "      <td>0.000075</td>\n",
       "      <td>0.000012</td>\n",
       "      <td>0.000068</td>\n",
       "      <td>0.000352</td>\n",
       "      <td>0.000105</td>\n",
       "    </tr>\n",
       "    <tr>\n",
       "      <th>LULU</th>\n",
       "      <td>0.000038</td>\n",
       "      <td>0.000091</td>\n",
       "      <td>0.000192</td>\n",
       "      <td>0.000033</td>\n",
       "      <td>0.000103</td>\n",
       "      <td>0.000210</td>\n",
       "      <td>0.000133</td>\n",
       "      <td>0.000161</td>\n",
       "      <td>0.000105</td>\n",
       "      <td>0.000378</td>\n",
       "    </tr>\n",
       "  </tbody>\n",
       "</table>\n",
       "</div>"
      ],
      "text/plain": [
       "          MDLZ      MSFT      NXPI      PCAR      INTC      NVDA      ILMN  \\\n",
       "MDLZ  0.000093  0.000032  0.000031  0.000024  0.000026  0.000018  0.000022   \n",
       "MSFT  0.000032  0.000160  0.000129  0.000025  0.000089  0.000184  0.000097   \n",
       "NXPI  0.000031  0.000129  0.000545  0.000112  0.000250  0.000343  0.000170   \n",
       "PCAR  0.000024  0.000025  0.000112  0.000233  0.000090  0.000058  0.000025   \n",
       "INTC  0.000026  0.000089  0.000250  0.000090  0.000425  0.000188  0.000103   \n",
       "NVDA  0.000018  0.000184  0.000343  0.000058  0.000188  0.000671  0.000160   \n",
       "ILMN  0.000022  0.000097  0.000170  0.000025  0.000103  0.000160  0.000437   \n",
       "DXCM  0.000026  0.000112  0.000184  0.000008  0.000102  0.000203  0.000202   \n",
       "ROST  0.000058  0.000056  0.000152  0.000089  0.000111  0.000075  0.000012   \n",
       "LULU  0.000038  0.000091  0.000192  0.000033  0.000103  0.000210  0.000133   \n",
       "\n",
       "          DXCM      ROST      LULU  \n",
       "MDLZ  0.000026  0.000058  0.000038  \n",
       "MSFT  0.000112  0.000056  0.000091  \n",
       "NXPI  0.000184  0.000152  0.000192  \n",
       "PCAR  0.000008  0.000089  0.000033  \n",
       "INTC  0.000102  0.000111  0.000103  \n",
       "NVDA  0.000203  0.000075  0.000210  \n",
       "ILMN  0.000202  0.000012  0.000133  \n",
       "DXCM  0.000499  0.000068  0.000161  \n",
       "ROST  0.000068  0.000352  0.000105  \n",
       "LULU  0.000161  0.000105  0.000378  "
      ]
     },
     "execution_count": 112,
     "metadata": {},
     "output_type": "execute_result"
    }
   ],
   "source": [
    "def get_covariation_matrix(tickers,                          \n",
    "                           data_map=data_for_ticker,\n",
    "                           by_column='logret'):\n",
    "    columns = pd.DataFrame()\n",
    "    for ticker in tickers:\n",
    "        columns[ticker] = data_map[ticker][by_column][1:]\n",
    "        \n",
    "    matrix = columns.cov()\n",
    "    return matrix\n",
    "\n",
    "cov_matrix = get_covariation_matrix(assets, data_map=assets_data)\n",
    "cov_matrix"
   ]
  },
  {
   "cell_type": "code",
   "execution_count": 113,
   "metadata": {},
   "outputs": [
    {
     "data": {
      "application/vnd.plotly.v1+json": {
       "config": {
        "plotlyServerURL": "https://plot.ly"
       },
       "data": [
        {
         "coloraxis": "coloraxis",
         "hovertemplate": "x: %{x}<br>y: %{y}<br>color: %{z}<extra></extra>",
         "name": "0",
         "type": "heatmap",
         "x": [
          "MDLZ",
          "MSFT",
          "NXPI",
          "PCAR",
          "INTC",
          "NVDA",
          "ILMN",
          "DXCM",
          "ROST",
          "LULU"
         ],
         "xaxis": "x",
         "y": [
          "MDLZ",
          "MSFT",
          "NXPI",
          "PCAR",
          "INTC",
          "NVDA",
          "ILMN",
          "DXCM",
          "ROST",
          "LULU"
         ],
         "yaxis": "y",
         "z": [
          [
           9.283689515255262e-05,
           3.173686143468105e-05,
           3.0624296612563473e-05,
           2.4429884990747602e-05,
           2.5513766301869305e-05,
           1.789348105449689e-05,
           2.1517568308871687e-05,
           2.6116871094372062e-05,
           5.787319589165347e-05,
           3.758352953040061e-05
          ],
          [
           3.173686143468105e-05,
           0.0001597263489967833,
           0.00012856843127890033,
           2.5017817448010213e-05,
           8.943004255431527e-05,
           0.00018437672696050938,
           9.670305862018692e-05,
           0.00011201341506818406,
           5.624452743426021e-05,
           9.094831923244999e-05
          ],
          [
           3.0624296612563473e-05,
           0.00012856843127890033,
           0.0005445600147438653,
           0.00011208263565260205,
           0.0002495032065424408,
           0.0003429915574226482,
           0.0001701739996833108,
           0.0001835145733363536,
           0.00015221622180472925,
           0.0001918143420137122
          ],
          [
           2.4429884990747602e-05,
           2.5017817448010213e-05,
           0.00011208263565260205,
           0.00023305322734861912,
           8.993311117892844e-05,
           5.7773287081232766e-05,
           2.485892405362586e-05,
           8.423898167599682e-06,
           8.907206305918121e-05,
           3.3301847115311266e-05
          ],
          [
           2.5513766301869305e-05,
           8.943004255431527e-05,
           0.0002495032065424408,
           8.993311117892844e-05,
           0.00042490042090652353,
           0.00018818669303284773,
           0.00010270157756188192,
           0.00010165068274385688,
           0.00011139312427403514,
           0.00010259664172983227
          ],
          [
           1.789348105449689e-05,
           0.00018437672696050938,
           0.0003429915574226482,
           5.7773287081232766e-05,
           0.00018818669303284773,
           0.0006706431255278605,
           0.0001604033970157454,
           0.0002029670759579731,
           7.515623108695969e-05,
           0.00020950834590654143
          ],
          [
           2.1517568308871687e-05,
           9.670305862018692e-05,
           0.0001701739996833108,
           2.485892405362586e-05,
           0.00010270157756188192,
           0.0001604033970157454,
           0.00043710389719634575,
           0.00020224193289248053,
           1.2034884751406829e-05,
           0.0001326750927703705
          ],
          [
           2.6116871094372062e-05,
           0.00011201341506818406,
           0.0001835145733363536,
           8.423898167599682e-06,
           0.00010165068274385688,
           0.0002029670759579731,
           0.00020224193289248053,
           0.0004985720495484733,
           6.759515348775174e-05,
           0.00016111920763904855
          ],
          [
           5.787319589165347e-05,
           5.624452743426021e-05,
           0.00015221622180472925,
           8.907206305918121e-05,
           0.00011139312427403514,
           7.515623108695969e-05,
           1.2034884751406829e-05,
           6.759515348775174e-05,
           0.0003521659274313528,
           0.00010506688180025479
          ],
          [
           3.758352953040061e-05,
           9.094831923244999e-05,
           0.0001918143420137122,
           3.3301847115311266e-05,
           0.00010259664172983227,
           0.00020950834590654143,
           0.0001326750927703705,
           0.00016111920763904855,
           0.00010506688180025479,
           0.00037835480880170044
          ]
         ]
        }
       ],
       "layout": {
        "coloraxis": {
         "colorscale": [
          [
           0,
           "rgb(0,104,55)"
          ],
          [
           0.1,
           "rgb(26,152,80)"
          ],
          [
           0.2,
           "rgb(102,189,99)"
          ],
          [
           0.3,
           "rgb(166,217,106)"
          ],
          [
           0.4,
           "rgb(217,239,139)"
          ],
          [
           0.5,
           "rgb(255,255,191)"
          ],
          [
           0.6,
           "rgb(254,224,139)"
          ],
          [
           0.7,
           "rgb(253,174,97)"
          ],
          [
           0.8,
           "rgb(244,109,67)"
          ],
          [
           0.9,
           "rgb(215,48,39)"
          ],
          [
           1,
           "rgb(165,0,38)"
          ]
         ]
        },
        "template": {
         "data": {
          "bar": [
           {
            "error_x": {
             "color": "#2a3f5f"
            },
            "error_y": {
             "color": "#2a3f5f"
            },
            "marker": {
             "line": {
              "color": "#E5ECF6",
              "width": 0.5
             }
            },
            "type": "bar"
           }
          ],
          "barpolar": [
           {
            "marker": {
             "line": {
              "color": "#E5ECF6",
              "width": 0.5
             }
            },
            "type": "barpolar"
           }
          ],
          "carpet": [
           {
            "aaxis": {
             "endlinecolor": "#2a3f5f",
             "gridcolor": "white",
             "linecolor": "white",
             "minorgridcolor": "white",
             "startlinecolor": "#2a3f5f"
            },
            "baxis": {
             "endlinecolor": "#2a3f5f",
             "gridcolor": "white",
             "linecolor": "white",
             "minorgridcolor": "white",
             "startlinecolor": "#2a3f5f"
            },
            "type": "carpet"
           }
          ],
          "choropleth": [
           {
            "colorbar": {
             "outlinewidth": 0,
             "ticks": ""
            },
            "type": "choropleth"
           }
          ],
          "contour": [
           {
            "colorbar": {
             "outlinewidth": 0,
             "ticks": ""
            },
            "colorscale": [
             [
              0,
              "#0d0887"
             ],
             [
              0.1111111111111111,
              "#46039f"
             ],
             [
              0.2222222222222222,
              "#7201a8"
             ],
             [
              0.3333333333333333,
              "#9c179e"
             ],
             [
              0.4444444444444444,
              "#bd3786"
             ],
             [
              0.5555555555555556,
              "#d8576b"
             ],
             [
              0.6666666666666666,
              "#ed7953"
             ],
             [
              0.7777777777777778,
              "#fb9f3a"
             ],
             [
              0.8888888888888888,
              "#fdca26"
             ],
             [
              1,
              "#f0f921"
             ]
            ],
            "type": "contour"
           }
          ],
          "contourcarpet": [
           {
            "colorbar": {
             "outlinewidth": 0,
             "ticks": ""
            },
            "type": "contourcarpet"
           }
          ],
          "heatmap": [
           {
            "colorbar": {
             "outlinewidth": 0,
             "ticks": ""
            },
            "colorscale": [
             [
              0,
              "#0d0887"
             ],
             [
              0.1111111111111111,
              "#46039f"
             ],
             [
              0.2222222222222222,
              "#7201a8"
             ],
             [
              0.3333333333333333,
              "#9c179e"
             ],
             [
              0.4444444444444444,
              "#bd3786"
             ],
             [
              0.5555555555555556,
              "#d8576b"
             ],
             [
              0.6666666666666666,
              "#ed7953"
             ],
             [
              0.7777777777777778,
              "#fb9f3a"
             ],
             [
              0.8888888888888888,
              "#fdca26"
             ],
             [
              1,
              "#f0f921"
             ]
            ],
            "type": "heatmap"
           }
          ],
          "heatmapgl": [
           {
            "colorbar": {
             "outlinewidth": 0,
             "ticks": ""
            },
            "colorscale": [
             [
              0,
              "#0d0887"
             ],
             [
              0.1111111111111111,
              "#46039f"
             ],
             [
              0.2222222222222222,
              "#7201a8"
             ],
             [
              0.3333333333333333,
              "#9c179e"
             ],
             [
              0.4444444444444444,
              "#bd3786"
             ],
             [
              0.5555555555555556,
              "#d8576b"
             ],
             [
              0.6666666666666666,
              "#ed7953"
             ],
             [
              0.7777777777777778,
              "#fb9f3a"
             ],
             [
              0.8888888888888888,
              "#fdca26"
             ],
             [
              1,
              "#f0f921"
             ]
            ],
            "type": "heatmapgl"
           }
          ],
          "histogram": [
           {
            "marker": {
             "colorbar": {
              "outlinewidth": 0,
              "ticks": ""
             }
            },
            "type": "histogram"
           }
          ],
          "histogram2d": [
           {
            "colorbar": {
             "outlinewidth": 0,
             "ticks": ""
            },
            "colorscale": [
             [
              0,
              "#0d0887"
             ],
             [
              0.1111111111111111,
              "#46039f"
             ],
             [
              0.2222222222222222,
              "#7201a8"
             ],
             [
              0.3333333333333333,
              "#9c179e"
             ],
             [
              0.4444444444444444,
              "#bd3786"
             ],
             [
              0.5555555555555556,
              "#d8576b"
             ],
             [
              0.6666666666666666,
              "#ed7953"
             ],
             [
              0.7777777777777778,
              "#fb9f3a"
             ],
             [
              0.8888888888888888,
              "#fdca26"
             ],
             [
              1,
              "#f0f921"
             ]
            ],
            "type": "histogram2d"
           }
          ],
          "histogram2dcontour": [
           {
            "colorbar": {
             "outlinewidth": 0,
             "ticks": ""
            },
            "colorscale": [
             [
              0,
              "#0d0887"
             ],
             [
              0.1111111111111111,
              "#46039f"
             ],
             [
              0.2222222222222222,
              "#7201a8"
             ],
             [
              0.3333333333333333,
              "#9c179e"
             ],
             [
              0.4444444444444444,
              "#bd3786"
             ],
             [
              0.5555555555555556,
              "#d8576b"
             ],
             [
              0.6666666666666666,
              "#ed7953"
             ],
             [
              0.7777777777777778,
              "#fb9f3a"
             ],
             [
              0.8888888888888888,
              "#fdca26"
             ],
             [
              1,
              "#f0f921"
             ]
            ],
            "type": "histogram2dcontour"
           }
          ],
          "mesh3d": [
           {
            "colorbar": {
             "outlinewidth": 0,
             "ticks": ""
            },
            "type": "mesh3d"
           }
          ],
          "parcoords": [
           {
            "line": {
             "colorbar": {
              "outlinewidth": 0,
              "ticks": ""
             }
            },
            "type": "parcoords"
           }
          ],
          "pie": [
           {
            "automargin": true,
            "type": "pie"
           }
          ],
          "scatter": [
           {
            "marker": {
             "colorbar": {
              "outlinewidth": 0,
              "ticks": ""
             }
            },
            "type": "scatter"
           }
          ],
          "scatter3d": [
           {
            "line": {
             "colorbar": {
              "outlinewidth": 0,
              "ticks": ""
             }
            },
            "marker": {
             "colorbar": {
              "outlinewidth": 0,
              "ticks": ""
             }
            },
            "type": "scatter3d"
           }
          ],
          "scattercarpet": [
           {
            "marker": {
             "colorbar": {
              "outlinewidth": 0,
              "ticks": ""
             }
            },
            "type": "scattercarpet"
           }
          ],
          "scattergeo": [
           {
            "marker": {
             "colorbar": {
              "outlinewidth": 0,
